<?xml version="1.0"?>
<opencv_storage>
<camera_matrix type_id="opencv-matrix">
  <rows>3</rows>
  <cols>3</cols>
  <dt>d</dt>
  <data>
    9.4525851333698870e+02 0. 4.5126383734274378e+02 0.
    9.5788786645529103e+02 3.3004838970178730e+02 0. 0. 1.</data></camera_matrix>
<dist_coeffs type_id="opencv-matrix">
  <rows>1</rows>
  <cols>5</cols>
  <dt>d</dt>
  <data>
    -1.2289410924259883e-02 1.1267400785040207e-01
    -9.5067323366600127e-03 -2.4996462278808234e-02
    -2.0975225688005550e-01</data></dist_coeffs>
<calibration_error>6.2046002177201554e-01</calibration_error>
<chessboard_size type_id="opencv-matrix">
  <rows>2</rows>
  <cols>1</cols>
  <dt>i</dt>
  <data>
    6 9</data></chessboard_size>
<square_size>1.</square_size>
<calibration_date>"2025-03-24 20:08:43"</calibration_date>
</opencv_storage>
